NACA2412 : [800panels,Half cosine x-spacing]
          1 -1.6616e-17                     
    0.99998  3.2645e-06                     
    0.99994  1.3058e-05                     
    0.99986  2.9377e-05                     
    0.99976   5.222e-05                     
    0.99962  8.1582e-05                     
    0.99945  0.00011746                     
    0.99925  0.00015984                     
    0.99902  0.00020872                     
    0.99876  0.00026409                     
    0.99847  0.00032594                     
    0.99815  0.00039425                     
     0.9978  0.00046902                     
    0.99742  0.00055023                     
    0.99701  0.00063786                     
    0.99657   0.0007319                     
     0.9961  0.00083233                     
    0.99559  0.00093913                     
    0.99506   0.0010523                     
     0.9945   0.0011718                     
     0.9939   0.0012975                     
    0.99328   0.0014296                     
    0.99263   0.0015679                     
    0.99194   0.0017125                     
    0.99123   0.0018632                     
    0.99048   0.0020202                     
    0.98971   0.0021832                     
    0.98891   0.0023524                     
    0.98807   0.0025277                     
    0.98721    0.002709                     
    0.98631   0.0028964                     
    0.98539   0.0030897                     
    0.98444   0.0032889                     
    0.98346   0.0034941                     
    0.98244   0.0037052                     
     0.9814    0.003922                     
    0.98033   0.0041447                     
    0.97923   0.0043731                     
     0.9781   0.0046072                     
    0.97694    0.004847                     
    0.97575   0.0050924                     
    0.97453   0.0053434                     
    0.97329   0.0055999                     
    0.97201   0.0058619                     
    0.97071   0.0061293                     
    0.96937   0.0064021                     
    0.96801   0.0066802                     
    0.96662   0.0069637                     
     0.9652   0.0072523                     
    0.96375   0.0075462                     
    0.96228   0.0078452                     
    0.96077   0.0081492                     
    0.95924   0.0084583                     
    0.95768   0.0087723                     
    0.95609   0.0090913                     
    0.95447   0.0094151                     
    0.95282   0.0097437                     
    0.95115    0.010077                     
    0.94945    0.010415                     
    0.94772    0.010758                     
    0.94597    0.011105                     
    0.94418    0.011457                     
    0.94237    0.011813                     
    0.94053    0.012173                     
    0.93867    0.012538                     
    0.93678    0.012907                     
    0.93486    0.013281                     
    0.93291    0.013658                     
    0.93094    0.014039                     
    0.92894    0.014425                     
    0.92692    0.014814                     
    0.92487    0.015208                     
    0.92279    0.015605                     
    0.92068    0.016005                     
    0.91855     0.01641                     
     0.9164    0.016818                     
    0.91422     0.01723                     
    0.91201    0.017645                     
    0.90978    0.018063                     
    0.90752    0.018485                     
    0.90524     0.01891                     
    0.90293    0.019338                     
     0.9006     0.01977                     
    0.89824    0.020204                     
    0.89586    0.020641                     
    0.89346    0.021082                     
    0.89103    0.021525                     
    0.88857    0.021971                     
    0.88609    0.022419                     
    0.88359     0.02287                     
    0.88106    0.023324                     
    0.87851     0.02378                     
    0.87594    0.024239                     
    0.87334      0.0247                     
    0.87073    0.025163                     
    0.86808    0.025628                     
    0.86542    0.026096                     
    0.86273    0.026565                     
    0.86002    0.027037                     
    0.85729     0.02751                     
    0.85453    0.027985                     
    0.85175    0.028462                     
    0.84896    0.028941                     
    0.84614    0.029421                     
    0.84329    0.029903                     
    0.84043    0.030386                     
    0.83755    0.030871                     
    0.83464    0.031357                     
    0.83172    0.031844                     
    0.82877    0.032332                     
     0.8258    0.032822                     
    0.82281    0.033312                     
    0.81981    0.033804                     
    0.81678    0.034296                     
    0.81373    0.034789                     
    0.81067    0.035283                     
    0.80758    0.035777                     
    0.80448    0.036272                     
    0.80135    0.036768                     
    0.79821    0.037264                     
    0.79505     0.03776                     
    0.79187    0.038256                     
    0.78867    0.038753                     
    0.78545     0.03925                     
    0.78222    0.039747                     
    0.77897    0.040244                     
     0.7757    0.040741                     
    0.77241    0.041238                     
    0.76911    0.041734                     
    0.76579     0.04223                     
    0.76245    0.042726                     
     0.7591    0.043222                     
    0.75573    0.043716                     
    0.75234    0.044211                     
    0.74894    0.044704                     
    0.74553    0.045197                     
    0.74209    0.045689                     
    0.73865     0.04618                     
    0.73518    0.046671                     
    0.73171     0.04716                     
    0.72822    0.047648                     
    0.72471    0.048135                     
    0.72119    0.048621                     
    0.71766    0.049105                     
    0.71411    0.049588                     
    0.71055     0.05007                     
    0.70697     0.05055                     
    0.70338    0.051028                     
    0.69978    0.051505                     
    0.69617     0.05198                     
    0.69254    0.052453                     
    0.68891    0.052925                     
    0.68526    0.053394                     
     0.6816    0.053862                     
    0.67792    0.054327                     
    0.67424     0.05479                     
    0.67054    0.055251                     
    0.66684     0.05571                     
    0.66312    0.056166                     
     0.6594     0.05662                     
    0.65566    0.057071                     
    0.65191     0.05752                     
    0.64816    0.057966                     
    0.64439     0.05841                     
    0.64061     0.05885                     
    0.63683    0.059288                     
    0.63304    0.059723                     
    0.62924    0.060155                     
    0.62543    0.060584                     
    0.62161     0.06101                     
    0.61778    0.061432                     
    0.61395    0.061852                     
    0.61011    0.062268                     
    0.60626     0.06268                     
    0.60241     0.06309                     
    0.59855    0.063495                     
    0.59468    0.063897                     
    0.59081    0.064296                     
    0.58693     0.06469                     
    0.58304    0.065081                     
    0.57915    0.065468                     
    0.57526    0.065852                     
    0.57136    0.066231                     
    0.56745    0.066606                     
    0.56354    0.066977                     
    0.55963    0.067344                     
    0.55571    0.067706                     
    0.55179    0.068065                     
    0.54786    0.068418                     
    0.54394    0.068768                     
    0.54001    0.069113                     
    0.53607    0.069453                     
    0.53214    0.069789                     
     0.5282     0.07012                     
    0.52426    0.070447                     
    0.52032    0.070769                     
    0.51637    0.071085                     
    0.51243    0.071397                     
    0.50848    0.071704                     
    0.50453    0.072006                     
    0.50059    0.072303                     
    0.49664    0.072594                     
    0.49269    0.072881                     
    0.48875    0.073162                     
     0.4848    0.073438                     
    0.48085    0.073708                     
    0.47691    0.073973                     
    0.47296    0.074232                     
    0.46902    0.074486                     
    0.46508    0.074735                     
    0.46114    0.074977                     
    0.45721    0.075214                     
    0.45327    0.075446                     
    0.44934    0.075671                     
    0.44541     0.07589                     
    0.44149    0.076104                     
    0.43757    0.076312                     
    0.43365    0.076513                     
    0.42974    0.076709                     
    0.42583    0.076898                     
    0.42192    0.077082                     
    0.41802    0.077259                     
    0.41413     0.07743                     
    0.41023    0.077594                     
    0.40635    0.077752                     
    0.40247    0.077904                     
    0.39859     0.07805                     
    0.39469    0.078187                     
     0.3908    0.078315                     
    0.38691    0.078435                     
    0.38303    0.078547                     
    0.37916    0.078649                     
     0.3753    0.078743                     
    0.37144    0.078829                     
    0.36759    0.078905                     
    0.36375    0.078973                     
    0.35992    0.079032                     
     0.3561    0.079082                     
    0.35228    0.079124                     
    0.34848    0.079156                     
    0.34468     0.07918                     
    0.34089    0.079195                     
    0.33712    0.079201                     
    0.33335    0.079198                     
    0.32959    0.079186                     
    0.32585    0.079166                     
    0.32211    0.079136                     
    0.31839    0.079098                     
    0.31468    0.079051                     
    0.31098    0.078995                     
    0.30729     0.07893                     
    0.30361    0.078856                     
    0.29995    0.078773                     
     0.2963    0.078682                     
    0.29266    0.078582                     
    0.28903    0.078473                     
    0.28542    0.078355                     
    0.28182    0.078228                     
    0.27823    0.078092                     
    0.27466    0.077948                     
    0.27111    0.077795                     
    0.26756    0.077633                     
    0.26404    0.077463                     
    0.26052    0.077284                     
    0.25702    0.077096                     
    0.25354      0.0769                     
    0.25008    0.076695                     
    0.24663    0.076481                     
    0.24319    0.076259                     
    0.23977    0.076029                     
    0.23637     0.07579                     
    0.23299    0.075542                     
    0.22962    0.075287                     
    0.22627    0.075023                     
    0.22293     0.07475                     
    0.21962     0.07447                     
    0.21632    0.074181                     
    0.21304    0.073884                     
    0.20978    0.073579                     
    0.20654    0.073266                     
    0.20331    0.072945                     
    0.20011    0.072616                     
    0.19692    0.072279                     
    0.19376    0.071934                     
    0.19061    0.071582                     
    0.18748    0.071222                     
    0.18438    0.070854                     
    0.18129    0.070479                     
    0.17822    0.070096                     
    0.17518    0.069705                     
    0.17215    0.069308                     
    0.16915    0.068903                     
    0.16616     0.06849                     
     0.1632    0.068071                     
    0.16026    0.067644                     
    0.15735    0.067211                     
    0.15445     0.06677                     
    0.15158    0.066323                     
    0.14872    0.065869                     
    0.14589    0.065408                     
    0.14309     0.06494                     
    0.14031    0.064466                     
    0.13754    0.063985                     
    0.13481    0.063498                     
    0.13209    0.063005                     
     0.1294    0.062506                     
    0.12674       0.062                     
     0.1241    0.061488                     
    0.12148     0.06097                     
    0.11888    0.060447                     
    0.11631    0.059917                     
    0.11377    0.059382                     
    0.11125    0.058842                     
    0.10875    0.058295                     
    0.10628    0.057744                     
    0.10384    0.057187                     
    0.10142    0.056625                     
   0.099024    0.056057                     
   0.096655    0.055485                     
   0.094313    0.054908                     
   0.091996    0.054325                     
   0.089706    0.053738                     
   0.087441    0.053147                     
   0.085203     0.05255                     
   0.082992     0.05195                     
   0.080807    0.051345                     
    0.07865    0.050735                     
   0.076519    0.050122                     
   0.074415    0.049504                     
   0.072338    0.048882                     
   0.070289    0.048257                     
   0.068267    0.047627                     
   0.066273    0.046994                     
   0.064306    0.046358                     
   0.062367    0.045717                     
   0.060456    0.045074                     
   0.058573    0.044427                     
   0.056719    0.043777                     
   0.054892    0.043124                     
   0.053094    0.042467                     
   0.051324    0.041808                     
   0.049583    0.041146                     
   0.047871    0.040481                     
   0.046187    0.039814                     
   0.044532    0.039144                     
   0.042906    0.038472                     
   0.041309    0.037797                     
   0.039742     0.03712                     
   0.038203    0.036441                     
   0.036694    0.035759                     
   0.035214    0.035076                     
   0.033764    0.034391                     
   0.032343    0.033704                     
   0.030952    0.033015                     
   0.029591    0.032325                     
    0.02826    0.031633                     
   0.026958    0.030939                     
   0.025686    0.030244                     
   0.024445    0.029548                     
   0.023233    0.028851                     
   0.022051    0.028152                     
     0.0209    0.027453                     
   0.019779    0.026752                     
   0.018688     0.02605                     
   0.017628    0.025348                     
   0.016598    0.024645                     
   0.015599    0.023941                     
    0.01463    0.023236                     
   0.013692    0.022531                     
   0.012784    0.021826                     
   0.011907     0.02112                     
   0.011061    0.020413                     
   0.010245    0.019707                     
  0.0094606       0.019                     
  0.0087067    0.018293                     
  0.0079837    0.017585                     
  0.0072916    0.016878                     
  0.0066304    0.016171                     
  0.0060002    0.015463                     
  0.0054009    0.014756                     
  0.0048327    0.014049                     
  0.0042955    0.013342                     
  0.0037893    0.012636                     
  0.0033142     0.01193                     
  0.0028702    0.011224                     
  0.0024573    0.010518                     
  0.0020755   0.0098127                     
  0.0017248    0.009108                     
  0.0014053   0.0084037                     
  0.0011169   0.0076999                     
 0.00085968   0.0069967                     
 0.00063359    0.006294                     
 0.00043865    0.005592                     
 0.00027485   0.0048906                     
  0.0001422   0.0041898                     
 4.0695e-05   0.0034897                     
-2.9676e-05   0.0027903                     
-6.8919e-05   0.0020916                     
-7.7046e-05   0.0013937                     
-5.4068e-05  0.00069646                     
          0           0                     
 8.4911e-05 -0.00069338                     
 0.00020041  -0.0013813                     
 0.00034649  -0.0020639                     
 0.00052312   -0.002741                     
 0.00073027  -0.0034127                     
 0.00096792  -0.0040789                     
  0.0012361  -0.0047396                     
  0.0015346  -0.0053949                     
  0.0018636  -0.0060447                     
   0.002223   -0.006689                     
  0.0026127  -0.0073278                     
  0.0030327  -0.0079611                     
   0.003483  -0.0085889                     
  0.0039635  -0.0092111                     
  0.0044742  -0.0098278                     
  0.0050151   -0.010439                     
   0.005586   -0.011044                     
   0.006187   -0.011644                     
   0.006818   -0.012239                     
   0.007479   -0.012828                     
  0.0081698   -0.013411                     
  0.0088905   -0.013988                     
   0.009641    -0.01456                     
   0.010421   -0.015126                     
   0.011231   -0.015687                     
    0.01207   -0.016242                     
   0.012939   -0.016791                     
   0.013838   -0.017334                     
   0.014766   -0.017872                     
   0.015723   -0.018404                     
   0.016709   -0.018931                     
   0.017725   -0.019451                     
    0.01877   -0.019966                     
   0.019844   -0.020475                     
   0.020946   -0.020978                     
   0.022078   -0.021476                     
   0.023239   -0.021968                     
   0.024428   -0.022453                     
   0.025646   -0.022933                     
   0.026892   -0.023408                     
   0.028167   -0.023876                     
    0.02947   -0.024338                     
   0.030802   -0.024795                     
   0.032161   -0.025246                     
   0.033549   -0.025691                     
   0.034965    -0.02613                     
   0.036409   -0.026563                     
    0.03788    -0.02699                     
   0.039379   -0.027411                     
   0.040906   -0.027826                     
    0.04246   -0.028236                     
   0.044042   -0.028639                     
   0.045651   -0.029036                     
   0.047287   -0.029428                     
   0.048951   -0.029813                     
   0.050641   -0.030193                     
   0.052358   -0.030567                     
   0.054102   -0.030934                     
   0.055872   -0.031296                     
   0.057669   -0.031651                     
   0.059493   -0.032001                     
   0.061342   -0.032345                     
   0.063218   -0.032682                     
    0.06512   -0.033014                     
   0.067048    -0.03334                     
   0.069001   -0.033659                     
   0.070981   -0.033973                     
   0.072985    -0.03428                     
   0.075016   -0.034582                     
   0.077071   -0.034878                     
   0.079152   -0.035168                     
   0.081257   -0.035451                     
   0.083388   -0.035729                     
   0.085543   -0.036001                     
   0.087723   -0.036267                     
   0.089927   -0.036527                     
   0.092156    -0.03678                     
   0.094409   -0.037028                     
   0.096686    -0.03727                     
   0.098987   -0.037507                     
    0.10131   -0.037737                     
    0.10366   -0.037961                     
    0.10603    -0.03818                     
    0.10843   -0.038392                     
    0.11085   -0.038599                     
    0.11329     -0.0388                     
    0.11575   -0.038995                     
    0.11824   -0.039185                     
    0.12075   -0.039368                     
    0.12328   -0.039546                     
    0.12584   -0.039718                     
    0.12841   -0.039884                     
    0.13101   -0.040045                     
    0.13363     -0.0402                     
    0.13627   -0.040349                     
    0.13894   -0.040493                     
    0.14162   -0.040631                     
    0.14433   -0.040764                     
    0.14706   -0.040891                     
     0.1498   -0.041012                     
    0.15257   -0.041129                     
    0.15536   -0.041239                     
    0.15817   -0.041345                     
      0.161   -0.041444                     
    0.16385   -0.041539                     
    0.16672   -0.041628                     
    0.16961   -0.041712                     
    0.17252   -0.041791                     
    0.17545   -0.041864                     
     0.1784   -0.041933                     
    0.18137   -0.041996                     
    0.18435   -0.042054                     
    0.18736   -0.042108                     
    0.19038   -0.042156                     
    0.19342   -0.042199                     
    0.19648   -0.042238                     
    0.19956   -0.042271                     
    0.20266     -0.0423                     
    0.20577   -0.042324                     
     0.2089   -0.042343                     
    0.21205   -0.042358                     
    0.21521   -0.042368                     
     0.2184   -0.042374                     
     0.2216   -0.042375                     
    0.22481   -0.042372                     
    0.22804   -0.042364                     
    0.23129   -0.042352                     
    0.23456   -0.042335                     
    0.23784   -0.042315                     
    0.24113    -0.04229                     
    0.24444   -0.042261                     
    0.24777   -0.042228                     
    0.25111   -0.042191                     
    0.25447   -0.042151                     
    0.25784   -0.042106                     
    0.26122   -0.042058                     
    0.26462   -0.042005                     
    0.26803   -0.041949                     
    0.27146    -0.04189                     
     0.2749   -0.041827                     
    0.27836    -0.04176                     
    0.28183   -0.041691                     
    0.28531   -0.041617                     
     0.2888   -0.041541                     
    0.29231   -0.041461                     
    0.29583   -0.041378                     
    0.29936   -0.041292                     
     0.3029   -0.041203                     
    0.30646   -0.041111                     
    0.31003   -0.041016                     
    0.31361   -0.040918                     
     0.3172   -0.040817                     
     0.3208   -0.040714                     
    0.32441   -0.040608                     
    0.32803     -0.0405                     
    0.33167   -0.040389                     
    0.33531   -0.040276                     
    0.33897   -0.040161                     
    0.34263   -0.040043                     
     0.3463   -0.039923                     
    0.34999     -0.0398                     
    0.35368   -0.039676                     
    0.35738    -0.03955                     
    0.36109   -0.039422                     
    0.36481   -0.039292                     
    0.36853    -0.03916                     
    0.37227   -0.039027                     
    0.37601   -0.038892                     
    0.37976   -0.038755                     
    0.38352   -0.038617                     
    0.38729   -0.038477                     
    0.39106   -0.038336                     
    0.39484   -0.038194                     
    0.39863    -0.03805                     
    0.40244   -0.037905                     
    0.40627   -0.037757                     
     0.4101   -0.037606                     
    0.41395   -0.037452                     
    0.41779   -0.037294                     
    0.42164   -0.037134                     
     0.4255   -0.036972                     
    0.42936   -0.036806                     
    0.43323   -0.036638                     
     0.4371   -0.036467                     
    0.44097   -0.036293                     
    0.44485   -0.036117                     
    0.44873   -0.035938                     
    0.45262   -0.035757                     
    0.45651   -0.035574                     
     0.4604   -0.035388                     
    0.46429     -0.0352                     
    0.46819   -0.035009                     
    0.47209   -0.034817                     
    0.47599   -0.034622                     
    0.47989   -0.034426                     
    0.48379   -0.034227                     
    0.48769   -0.034027                     
     0.4916   -0.033824                     
    0.49551    -0.03362                     
    0.49941   -0.033414                     
    0.50332   -0.033206                     
    0.50723   -0.032997                     
    0.51113   -0.032786                     
    0.51504   -0.032573                     
    0.51894   -0.032359                     
    0.52285   -0.032143                     
    0.52675   -0.031926                     
    0.53065   -0.031708                     
    0.53455   -0.031488                     
    0.53845   -0.031267                     
    0.54235   -0.031045                     
    0.54624   -0.030821                     
    0.55013   -0.030597                     
    0.55402   -0.030371                     
    0.55791   -0.030144                     
    0.56179   -0.029917                     
    0.56567   -0.029688                     
    0.56954   -0.029459                     
    0.57342   -0.029229                     
    0.57728   -0.028997                     
    0.58114   -0.028766                     
      0.585   -0.028533                     
    0.58885     -0.0283                     
     0.5927   -0.028066                     
    0.59654   -0.027831                     
    0.60038   -0.027596                     
    0.60421   -0.027361                     
    0.60803   -0.027125                     
    0.61185   -0.026888                     
    0.61566   -0.026651                     
    0.61947   -0.026414                     
    0.62326   -0.026176                     
    0.62705   -0.025938                     
    0.63084     -0.0257                     
    0.63461   -0.025462                     
    0.63838   -0.025224                     
    0.64214   -0.024985                     
    0.64589   -0.024746                     
    0.64963   -0.024507                     
    0.65336   -0.024269                     
    0.65708    -0.02403                     
     0.6608   -0.023791                     
     0.6645   -0.023552                     
    0.66819   -0.023313                     
    0.67188   -0.023075                     
    0.67555   -0.022836                     
    0.67921   -0.022598                     
    0.68287    -0.02236                     
    0.68651   -0.022122                     
    0.69014   -0.021884                     
    0.69376   -0.021647                     
    0.69736    -0.02141                     
    0.70096   -0.021173                     
    0.70454   -0.020937                     
    0.70811   -0.020701                     
    0.71167   -0.020466                     
    0.71522   -0.020231                     
    0.71875   -0.019996                     
    0.72227   -0.019762                     
    0.72577   -0.019529                     
    0.72927   -0.019296                     
    0.73275   -0.019063                     
    0.73621   -0.018831                     
    0.73966     -0.0186                     
    0.74309   -0.018369                     
    0.74652   -0.018139                     
    0.74992    -0.01791                     
    0.75331   -0.017681                     
    0.75669   -0.017453                     
    0.76005   -0.017226                     
    0.76339      -0.017                     
    0.76672   -0.016774                     
    0.77003   -0.016549                     
    0.77332   -0.016325                     
     0.7766   -0.016102                     
    0.77986    -0.01588                     
    0.78311   -0.015658                     
    0.78634   -0.015437                     
    0.78955   -0.015218                     
    0.79274   -0.014999                     
    0.79591   -0.014781                     
    0.79907   -0.014564                     
    0.80221   -0.014348                     
    0.80533   -0.014133                     
    0.80843   -0.013919                     
    0.81151   -0.013706                     
    0.81457   -0.013494                     
    0.81762   -0.013284                     
    0.82064   -0.013074                     
    0.82365   -0.012865                     
    0.82663   -0.012658                     
     0.8296   -0.012451                     
    0.83254   -0.012246                     
    0.83547   -0.012042                     
    0.83837   -0.011839                     
    0.84125   -0.011637                     
    0.84412   -0.011437                     
    0.84696   -0.011237                     
    0.84978   -0.011039                     
    0.85258   -0.010842                     
    0.85535   -0.010647                     
    0.85811   -0.010452                     
    0.86084   -0.010259                     
    0.86355   -0.010068                     
    0.86624  -0.0098771                     
    0.86891  -0.0096881                     
    0.87155  -0.0095004                     
    0.87417  -0.0093141                     
    0.87677  -0.0091291                     
    0.87934  -0.0089456                     
    0.88189  -0.0087635                     
    0.88442  -0.0085828                     
    0.88692  -0.0084036                     
     0.8894  -0.0082259                     
    0.89186  -0.0080496                     
    0.89429  -0.0078748                     
     0.8967  -0.0077015                     
    0.89908  -0.0075298                     
    0.90144  -0.0073596                     
    0.90378  -0.0071909                     
    0.90609  -0.0070239                     
    0.90837  -0.0068584                     
    0.91063  -0.0066945                     
    0.91286  -0.0065323                     
    0.91507  -0.0063716                     
    0.91725  -0.0062126                     
    0.91941  -0.0060553                     
    0.92154  -0.0058997                     
    0.92364  -0.0057458                     
    0.92572  -0.0055935                     
    0.92778   -0.005443                     
     0.9298  -0.0052943                     
     0.9318  -0.0051473                     
    0.93377   -0.005002                     
    0.93572  -0.0048586                     
    0.93764  -0.0047169                     
    0.93953  -0.0045771                     
    0.94139  -0.0044391                     
    0.94323   -0.004303                     
    0.94504  -0.0041687                     
    0.94682  -0.0040363                     
    0.94858  -0.0039058                     
     0.9503  -0.0037771                     
      0.952  -0.0036504                     
    0.95367  -0.0035257                     
    0.95532  -0.0034029                     
    0.95693   -0.003282                     
    0.95852  -0.0031632                     
    0.96007  -0.0030463                     
     0.9616  -0.0029314                     
     0.9631  -0.0028186                     
    0.96458  -0.0027078                     
    0.96602   -0.002599                     
    0.96743  -0.0024923                     
    0.96882  -0.0023876                     
    0.97017  -0.0022851                     
     0.9715  -0.0021847                     
     0.9728  -0.0020863                     
    0.97407  -0.0019901                     
     0.9753   -0.001896                     
    0.97651  -0.0018041                     
    0.97769  -0.0017144                     
    0.97884  -0.0016268                     
    0.97996  -0.0015414                     
    0.98105  -0.0014582                     
    0.98211  -0.0013772                     
    0.98314  -0.0012984                     
    0.98415  -0.0012219                     
    0.98512  -0.0011476                     
    0.98606  -0.0010756                     
    0.98697  -0.0010058                     
    0.98785 -0.00093826                     
    0.98869 -0.00087302                     
    0.98951 -0.00081008                     
     0.9903 -0.00074943                     
    0.99106 -0.00069109                     
    0.99179 -0.00063507                     
    0.99248 -0.00058137                     
    0.99315    -0.00053                     
    0.99379 -0.00048097                     
    0.99439 -0.00043428                     
    0.99496 -0.00038995                     
    0.99551 -0.00034798                     
    0.99602 -0.00030837                     
     0.9965 -0.00027113                     
    0.99695 -0.00023627                     
    0.99737 -0.00020379                     
    0.99776  -0.0001737                     
    0.99812   -0.000146                     
    0.99844 -0.00012069                     
    0.99874 -9.7784e-05                     
      0.999 -7.7278e-05                     
    0.99924 -5.9177e-05                     
    0.99944 -4.3484e-05                     
    0.99961 -3.0201e-05                     
    0.99975 -1.9331e-05                     
    0.99986 -1.0875e-05                     
    0.99994 -4.8335e-06                     
    0.99998 -1.2084e-06                     
          1  1.6616e-17                     
